[1]18871948
[2]35649277,25164581
[3]18400740,18872608
[4]30405347,37747501
[5]70250938
[6]18870740,73396936,31454743,22017602,34601665
[7]35647992,24291417,30405521,45086137,7337542,15726481,22017965,17823746,29358098,15726663,20446969,57670306,14678694
[8]54522879,14677480,60815677,46135750,72350257,20970197
[9]10483052,18872538,30407395
[10]10230312,35126803,20969045,47183491,48602978,71302001
[11]886841,14676716,16773873,14676737,31454615,35649676,18175015
[12]75493854,18870757,18854625,21670099,15726264,32504555,7960842,37747570
[13]32502727,17823112,49280560,24115243,20969801,14678649
[14]15724930,13627832,66445338,19919828,38794567,29358127,65009719,57669907
[15]15725200,14676654,15902877,69203283,25163276,29010196,39843665,63962769,70809910,20969792,24115913,68156173,24990864
[16]9433692,69203333,19920811,31455434,47184354,32504483
[17]22016882,17823407
[18]36459197,69203099,52426434,74446744,14678097,34601337,15727384
[19]58938411
[20]54522964,73398194,24546007,25164511
[21]20967908,24113761,19919463,22016701,25163938,37746918,15727103,24115726
[22]20968385,22506795
[23]20968797,45495715
[24]41939875
[25]16354609