15724930 15724930
10230312 10230312
13627832 13627832
70250938 70250938
18870740 18870740
75493854 75493854
20967908 20967908
18870757 18870757
35647992 35647992
66445338 66445338
24291417 24291417
886841 886841
9433692 9433692
24113761 24113761
19919463 19919463
15725200 15725200
14676654 14676654
22016701 22016701
73396936 73396936
36459197 36459197
30405347 30405347
14676716 14676716
16773873 16773873
14676737 14676737
22016882 22016882
30405521 30405521
41939875 41939875
15902877 15902877
20968385 20968385
32502727 32502727
19919828 19919828
18854625 18854625
54522879 54522879
54522964 54522964
35126803 35126803
69203099 69203099
21670099 21670099
38794567 38794567
69203283 69203283
20968797 20968797
10483052 10483052
69203333 69203333
17823112 17823112
31454615 31454615
45086137 45086137
14677480 14677480
25163276 25163276
31454743 31454743
49280560 49280560
22506795 22506795
22017602 22017602
7337542 7337542
20969045 20969045
29010196 29010196
47183491 47183491
18871948 18871948
17823407 17823407
15726264 15726264
52426434 52426434
18400740 18400740
35649277 35649277
16354609 16354609
39843665 39843665
63962769 63962769
15726481 15726481
74446744 74446744
19920811 19920811
22017965 22017965
58938411 58938411
73398194 73398194
17823746 17823746
29358098 29358098
70809910 70809910
24115243 24115243
29358127 29358127
65009719 65009719
15726663 15726663
14678097 14678097
35649676 35649676
25163938 25163938
31455434 31455434
18872538 18872538
37746918 37746918
18175015 18175015
57669907 57669907
18872608 18872608
60815677 60815677
20969792 20969792
20969801 20969801
34601337 34601337
24546007 24546007
46135750 46135750
20446969 20446969
47184354 47184354
15727103 15727103
24115726 24115726
72350257 72350257
14678649 14678649
57670306 57670306
32504483 32504483
14678694 14678694
34601665 34601665
24115913 24115913
45495715 45495715
20970197 20970197
25164511 25164511
30407395 30407395
32504555 32504555
7960842 7960842
48602978 48602978
68156173 68156173
15727384 15727384
25164581 25164581
37747501 37747501
24990864 24990864
71302001 71302001
37747570 37747570
42990526 42990526
22019009 22019009
17824709 17824709
17824719 17824719
74973006 74973006
40893427 40893427
62913535 62913535
8387592 8387592
57583354 57583354
27262066 27262066
40893577 40893577
698903 698903
43166232 43166232
10484882 10484882
56391188 56391188
29359290 29359290
22019302 22019302
52428064 52428064
22870062 22870062
18873663 18873663
39845197 39845197
31456606 31456606
15727981 15727981
32505209 32505209
14679516 14679516
76545502 76545502
30408159 30408159
9436712 9436712
41954985 41954985
61865611 61865611
27262621 27262621
35651266 35651266
69205714 69205714
57437077 57437077
66060041 66060041
25593540 25593540
23068470 23068470
24466741 24466741
19922761 19922761
38622527 38622527
69205905 69205905
72351647 72351647
71303080 71303080
47185836 47185836
9437102 9437102
18000542 18000542
55574468 55574468
15728619 15728619
70604115 70604115
