[1]29010196,73398194
[2]15726264,15726481,14678097,7960842
[3]20968797,57669907,45495715
[4]18870757,9433692,20969045,35649676,18872538,32504555
[5]24291417,22016882,17823407,70809910,24546007
[6]36459197,32502727,38794567,47183491,16354609,72350257
[7]886841,19919828,18854625,54522964,69203099,10483052,17823746,30407395
[8]75493854,41939875,54522879,7337542,22017965,20446969,14678649,34601665,25164511
[9]19919463,14676716,16773873
[10]18870740,35647992,30405347,35649277,34601337,37747501
[11]14676737,21670099,17823112
[12]69203333,24115243,18872608,37747570
[13]70250938,73396936,31454743,37746918,24115726
[14]31454615,14677480,22017602,52426434,74446744,18175015
[15]20969801,68156173,15727384
[16]18871948,18400740,58938411,32504483,25164581
[17]39843665,20970197,71302001
[18]15724930,13627832,65009719,48602978
[19]15902877,20968385,22506795,63962769,47184354,57670306
[20]10230312,66445338,35126803,29358098,31455434,46135750,24115913
[21]20967908,24113761,22016701,15726663,25163938
[22]25163276,29358127,60815677,20969792
[23]15725200,69203283,14678694
[24]14676654,45086137,49280560,19920811,15727103,24990864
[25]30405521